200 1000
22 18 72 73 75 97 104 109 125 127 128 129 130 136 145 162 177 179 185 187 197 200 215 243 251 265 269 276 302 304 321 329 334 359 383 393 405 407 419 428 435 439 444 469 475 479 486 492 503 504 511 512 515 518 521 523 552 562 568 577 581 604 624 637 674 675 678 683 686 702 710 713 727 752 753 757 773 782 783 806 816 822 830 853 859 868 869 879 894 900 907 915 926 941 954 961 993
91 52 73 75 87 112 158 205 279 289 297 337 355 384 390 401 439 480 542 674 696 778 820 851 896 897 922 927 929 970
39 4 12 13 26 28 54 63 64 83 91 115 123 128 133 135 151 154 209 212 214 224 230 243 244 246 252 253 254 266 278 302 316 321 326 337 345 365 366 393 397 398 406 410 418 425 427 430 458 467 471 489 504 519 549 594 624 625 636 639 648 658 681 697 703 710 736 743 750 752 768 774 781 789 796 808 842 852 913 932 935 936 937 939 951 975 986 987
5 3 19 26 41 54 77 78 79 103 129 134 177 180 218 228 234 295 317 332 338 347 354 360 408 412 462 505 516 518 537 555 587 602 640 645 681 686 708 730 746 797 848 898 909 925 927 938 945 947 972 973
38 25 329 836
66 47 59 66 88 95 96 105 111 129 136 158 184 186 187 222 272 285 292 295 319 344 373 385 386 393 405 414 426 434 456 472 480 486 491 496 523 530 531 533 542 543 545 553 586 613 615 621 622 625 650 651 668 677 694 702 709 774 787 789 800 816 855 858 863 877 890 893 916 918 919 938 944 960 970 974 979 984
53 21 56 65 76 86 113 116 130 147 156 165 168 170 187 193 222 225 234 235 240 242 292 299 304 306 324 341 361 362 370 405 410 435 450 456 486 501 502 509 511 548 555 566 580 607 619 625 626 628 640 644 645 651 652 683 688 700 702 720 734 740 744 749 767 797 800 802 817 825 829 868 871 875 885 886 891 917 927 929 938 967 970 995
78 697 940 946
8 11 54 58 60 82 84 86 108 116 122 128 133 179 193 198 201 221 255 279 300 307 308 312 315 318 325 354 366 367 387 409 425 436 465 487 512 521 542 546 560 641 659 683 685 697 710 721 743 761 765 768 808 814 844 845 879 900 954 962
19 13 31 35 50 101 111 129 156 164 217 224 225 244 259 277 286 303 311 355 357 361 386 400 401 405 416 423 439 444 447 449 452 460 487 490 512 547 549 555 570 571 599 615 627 632 662 665 672 693 695 740 790 794 800 821 823 844 850 857 866 892 906 907 922 963 968 986 989
59 10 11 12 13 93 94 110 115 117 145 157 168 193 194 200 214 215 220 239 252 278 301 307 310 319 333 350 378 385 391 396 417 421 449 455 459 471 481 483 487 501 506 519 521 528 529 530 536 545 547 589 611 626 631 636 648 656 658 666 669 703 711 721 722 740 743 768 779 798 804 814 822 826 833 834 836 841 845 853 871 900 910 935 936 940 942 945 951 957 967 969 971 974 979 980 983 986 995 1000
55 10 27 32 34 90 91 92 104 166 170 223 258 261 278 284 286 307 314 334 368 374 385 393 405 416 430 432 470 476 477 480 497 528 544 556 564 593 600 610 625 629 653 657 684 693 694 695 705 717 731 747 772 807 818 819 882 883 897 928 963 972 983
67 2 6 8 38 54 58 63 75 89 97 100 113 116 122 165 176 188 191 214 240 259 268 271 313 314 322 323 333 338 348 352 353 354 385 394 411 417 420 424 426 452 459 473 486 498 508 513 524 525 529 532 538 540 542 571 584 586 587 591 592 602 605 623 641 649 678 680 702 703 709 723 726 735 750 751 787 788 799 831 832 839 864 871 883 899 914 915 933 955 956 974 998
93 23 24 46 56 70 116 178 191 194 197 209 249 262 304 308 310 316 320 340 376 377 379 384 390 444 446 499 531 533 541 559 608 616 631 642 654 671 685 701 702 719 730 742 744 745 768 779 806 815 830 855 864 868 869 870 873 945 985
1 33 63 79 88 117 118 134 148 162 174 181 225 317 329 333 365 386 402 414 463 468 507 518 550 556 594 602 626 639 644 693 742 762 763 777 793 803 806 815 869 890 902 958 964 969 990
16 36 85 170 190 283 294 363 364 383 445 448 509 514 521 526 549 576 587 599 627 640 643 665 728 844 861 884 966 987
58 4 32 39 42 49 56 65 84 90 91 101 114 161 181 185 190 192 205 226 263 265 278 325 329 365 372 378 390 392 404 415 448 465 474 504 510 517 526 531 534 536 550 561 563 575 585 593 603 608 610 614 631 632 635 641 656 666 686 692 696 697 701 708 722 734 739 741 745 751 768 777 789 791 800 801 809 836 840 843 845 858 890 898 936 941 948 950 952 960 962 965 981 1000
93 32 52 66 70 112 131 169 200 215 227 228 241 263 277 306 321 411 427 428 463 465 476 498 541 548 550 551 565 601 682 704 712 714 742 763 769 826 828 853 875 883 903 904 912 925 948 982 984 985 997
22 16 149 232 306 359 419 444 460 467 547
93 3 8 38 63 70 77 85 92 102 105 111 120 154 189 192 209 211 213 234 239 278 279 280 297 303 311 320 363 387 398 400 426 455 460 472 483 487 496 505 508 520 523 531 534 542 544 547 554 589 596 602 621 636 655 656 698 749 796 797 811 823 836 858 868 871 890 895 904 906 933 939 953 955 959 960 965 966 967
24 502 515
83 44 54 155 245 277 296 299 325 328 408 414 452 509 533 621 652 667 677 692 724 732 741 819 849 913 952 959 981 986
47 81 92 154 348 480 698 750 840
23 6 75 79 81 84 94 96 113 179 194 224 239 274 284 323 326 327 351 385 395 407 415 449 453 480 487 493 518 529 531 534 535 544 577 604 610 641 644 650 675 677 686 711 714 716 719 743 745 750 765 766 769 774 781 786 793 803 810 814 821 823 841 856 891 898 932 979 986
100 27 37 40 42 46 47 55 59 70 92 105 117 164 195 202 230 257 273 293 312 316 323 336 353 356 374 397 424 445 462 485 493 494 504 507 522 562 581 584 585 590 596 598 602 624 649 658 667 681 689 703 718 728 732 742 755 759 773 777 798 822 834 835 841 846 853 861 876 877 883 897 917 945 964 968 976 981 982 983 987 994
62 42 115 183 214 237 241 265 321 326 386 420 484 506 527 552 585 666 724 725 746 752 768 814 838 965 972
34 7 20 22 30 96 117 133 144 152 168 184 207 208 211 244 250 301 321 325 333 356 368 369 408 418 443 444 475 484 507 514 574 614 624 655 665 673 685 688 692 732 774 791 798 830 852 862 892 893 907 915 923 927 941 956 957 987 999
76 30 112 140 218 271 291 376 643 818 916 961
43 14 47 128 141 144 162 197 224 229 243 261 263 265 282 322 336 347 352 362 365 398 401 441 454 489 525 546 621 654 655 676 688 702 710 715 723 758 769 795 808 810 812 883 896 913 917 969 972 979 991
15 20 30 34 54 67 69 82 119 121 145 152 155 158 168 203 215 216 229 235 237 249 254 267 273 310 368 387 392 403 409 417 418 437 441 444 447 457 476 477 482 492 509 544 569 576 589 594 605 621 646 648 664 671 680 681 706 709 726 729 734 782 785 812 821 822 839 861 862 892 905 911 915 920 933 943 947 977 978
32 1 9 21 37 50 67 68 138 140 211 216 264 269 272 273 283 294 298 319 323 346 347 356 363 434 447 466 482 500 544 551 620 628 637 659 723 801 870 881 898 935 942 945 946 956 958 990
3 25 58 197 242 261 413 433 473 487 495 498 522 525 554 574 577 581 614 679 762 776 804 889 899 961 983
9 83 96 151 213 215 242 287 321 407 460 480 486 502 504 535 537 561 626 629 686 752 763 821 856 860 901 916 997
44 8 24 38 49 58 67 76 82 86 96 109 133 145 167 174 180 226 237 267 268 281 301 306 321 323 328 344 362 366 373 382 388 396 400 406 414 417 430 433 434 451 463 470 506 524 526 557 577 583 586 593 612 621 641 659 681 690 701 712 730 736 740 748 751 760 767 770 797 805 815 818 820 845 849 857 861 879 888 930 931 937 939 940 944 949 956 959 965 977 986 993
2 23 41 46 51 70 72 80 114 143 154 165 171 176 181 190 201 203 214 218 222 227 228 236 239 241 247 260 272 281 282 287 295 296 322 334 338 340 346 353 357 379 399 402 414 415 421 428 434 437 445 467 473 496 498 525 545 575 581 590 616 656 663 667 668 687 689 692 694 714 725 735 742 757 759 785 795 796 816 824 829 846 873 880 901 903 908 912 926 936 940 946 982 989 992 997
5 5 17 21 25 28 36 63 110 119 120 134 147 154 179 186 187 190 205 209 210 229 236 241 268 274 285 325 337 346 359 372 380 394 402 416 417 436 450 457 462 464 467 508 525 526 539 541 555 569 572 577 578 579 593 598 614 615 616 619 621 622 627 628 638 640 685 690 694 705 717 726 727 733 734 738 748 762 768 774 783 802 803 807 818 822 843 859 867 911 914 925 937 938 951 964 969 978 981 984
58 5 17 24 26 34 36 57 70 72 76 78 90 101 114 115 135 144 159 181 188 220 230 231 239 248 252 256 302 355 366 372 375 381 383 384 389 409 410 412 413 422 429 445 452 455 476 496 514 515 516 527 532 535 541 548 552 559 576 593 606 611 641 661 690 691 713 717 723 724 726 735 751 753 756 760 772 773 778 797 813 820 838 839 842 878 885 889 899 904 937 952 967 979 996
51 186 374 425 513 520 761 815 906
60 9 41 48 49 66 76 82 101 112 117 122 132 144 146 150 157 159 195 196 210 216 231 232 236 244 250 251 254 266 280 290 312 313 320 338 351 356 362 376 377 381 396 401 403 405 418 423 426 436 443 444 473 474 492 531 533 543 546 574 580 586 588 612 635 641 644 648 657 669 695 710 718 743 761 782 799 811 820 833 838 847 871 885 893 900 907 912 914 925 986 988 995
42 20 37 40 70 75 79 80 94 100 105 121 135 138 139 152 155 157 162 169 171 191 212 223 249 275 288 292 295 315 318 320 325 330 347 355 365 384 387 391 397 404 416 438 473 480 488 494 545 546 564 565 577 587 588 608 626 638 643 660 683 686 707 724 726 728 739 765 776 786 808 836 873 891 900 908 919 929 931 937 946 952 966 979 987 992
54 59 144 313 419 445 611 898
54 7 13 24 41 45 55 81 93 116 125 126 133 147 170 173 174 192 196 199 211 212 213 295 297 324 351 352 367 404 408 410 411 422 453 456 458 473 475 493 504 519 536 551 574 575 578 594 607 611 649 650 651 680 681 692 710 718 730 752 756 764 769 775 804 813 828 830 832 875 923 930 932 937 956 960 964 968 990
10 642 691 855 890 892 908 948
13 42 87 105 143 150 177 206 264 270 302 341 387 417 426 431 433 467 494 512 525 566 594 601 603 626 671 680 712 721 726 762 772 824 836 881 886 888 889 911 915 935 959 974 993
56 33 55 84 93 102 124 156 196 199 238 242 251 278 343 379 393 396 413 415 422 423 430 451 502 526 530 533 536 562 577 612 613 619 620 625 658 690 691 692 699 715 733 739 779 789 796 797 799 801 819 843 857 864 889 893 909 935 956 974 988 993
37 15 54 56 96 108 111 122 128 131 140 156 157 166 186 229 236 270 281 294 306 318 319 324 325 341 351 374 385 414 426 434 453 491 507 516 520 530 541 545 546 553 554 594 602 609 613 624 628 636 639 654 655 657 699 700 732 740 751 753 754 764 766 767 773 786 790 795 816 833 848 854 864 900 906 946 963 995 999
76 23 44 49 56 83 109 123 128 134 145 151 152 153 163 175 177 194 195 205 215 217 224 253 255 276 293 294 311 315 328 334 358 362 413 422 423 444 448 449 473 474 482 485 497 510 512 513 514 518 522 534 536 541 546 558 562 586 607 619 622 623 631 635 636 644 660 675 692 697 718 719 727 733 769 777 779 781 788 798 800 811 817 826 849 883 891 894 895 904 922 930 933 938 946 973 980 981
9 5 6 10 56 71 84 93 107 110 128 155 158 165 188 191 224 237 250 265 270 271 282 301 305 326 330 331 351 355 371 375 385 391 393 413 430 432 436 438 446 471 477 483 486 492 501 508 523 547 570 577 583 584 585 588 619 629 641 649 669 671 679 702 705 721 728 738 759 762 772 775 791 794 796 814 821 826 833 842 855 878 899 929 930 940 946 953 954 969 985 987 992
80 3 6 21 37 38 55 63 71 119 127 155 227 229 249 264 278 281 290 295 319 340 360 361 424 427 432 442 452 498 507 551 584 630 631 635 639 659 675 687 712 744 758 818 828 858 871 874 879 883 892 938 992
83 5 25 35 36 48 49 65 69 80 87 92 122 133 143 154 167 173 176 184 186 205 214 242 246 247 262 266 281 311 317 318 328 333 352 353 365 375 383 395 449 466 471 473 479 497 503 506 547 551 556 563 567 574 579 586 671 688 698 714 725 745 754 763 794 817 819 822 834 835 855 862 871 876 886 887 898 904 906 930 944 955 965 966 975 978 983 987 996
65 1 18 22 26 29 32 33 47 70 73 75 124 128 141 145 150 152 186 191 221 266 280 293 301 320 321 367 372 389 420 421 423 433 486 503 508 525 551 569 574 582 600 604 608 615 630 637 649 658 672 684 692 712 737 738 771 782 783 807 818 820 837 838 843 845 847 857 860 871 896 906 922 938 949 963 965 981 983 994
73 4 29 48 61 94 102 113 233 260 269 295 343 386 404 406 432 472 510 524 539 563 593 604 619 626 703 744 774 779 800 860 894 956 964
91 1 5 65 73 79 83 99 112 117 129 160 165 174 175 183 196 200 202 212 225 229 232 255 259 282 287 291 295 330 365 366 381 385 401 404 405 414 428 429 464 472 482 495 502 510 517 520 534 546 548 550 552 562 563 573 578 603 621 642 647 679 691 701 707 739 740 753 773 799 801 805 827 833 841 854 856 878 886 888 914 919 936 972 974 981 991
90 22 26 233 244 309 376 378 382 572 599 603 644 764 789 796 861 912 916 941
10 37 54 57 82 84 103 126 148 163 168 174 180 185 186 188 196 208 222 255 259 268 278 280 298 299 305 314 318 327 331 357 360 368 384 387 399 401 416 463 479 504 526 562 569 579 603 633 648 652 666 681 705 729 747 749 757 767 809 815 819 852 861 862 867 877 881 897 907 918 933 934 952 958 962 966 988
95 15 54 58 61 63 70 80 86 91 102 117 121 153 160 182 184 190 237 250 276 283 286 289 302 329 337 340 365 366 392 401 407 430 436 449 462 466 469 534 562 612 613 637 641 643 660 685 689 694 695 700 711 713 725 738 770 838 843 900 927 934 943 945 986 1000
98 9 12 54 56 65 71 80 81 103 135 137 138 143 154 162 167 176 180 190 196 209 213 216 220 245 251 278 283 288 306 308 313 317 342 361 370 406 413 418 420 423 435 442 443 444 447 450 451 462 465 492 493 517 544 566 584 592 605 607 613 616 648 652 655 662 668 682 692 693 709 741 742 744 755 762 791 834 838 856 869 884 885 891 892 897 908 915 932 936 946 974 977 978 990 999 1000
77 3 84 208 242 253 319 350 367 371 403 417 419 433 453 455 481 501 560 575 594 608 619 646 686 698 774 789 825 838 866 874 877 889 978 983 991
23 54 165 252 256 321 357 362 486 600 706 715 750 758 829 952 959 969
90 101 102 110 171 215 220 221 262 300 353 465 474 481 497 536 555 652 656 725 794 839 916 972
28 36 194 220 240 291 292 299 309 377 381 394 412 415 464 473 542 575 597 611 645 647 664 684 714 774 782 800 806 881 897 915 933 999
51 20 21 29 36 37 42 60 71 81 137 164 170 174 185 211 231 232 235 245 252 275 301 302 312 330 334 359 371 377 379 390 400 412 415 428 430 476 486 492 493 500 514 527 533 558 580 588 590 603 616 631 654 670 685 690 693 701 758 761 771 785 811 862 887 909 954 976 977 988 993
38 7 9 22 27 38 76 79 91 112 117 141 143 153 191 209 227 231 274 289 296 298 339 353 408 421 443 453 459 474 482 515 521 571 605 613 621 645 651 676 683 687 689 712 721 730 731 741 761 776 788 823 845 852 880 881 888 889 906 918 922 929 944 972 974 987
24 44 110 322 350 482 816 891 902 1000
52 8 16 41 119 121 122 150 163 174 198 249 261 303 310 348 358 367 382 405 411 421 429 431 439 456 457 491 504 528 545 574 588 592 595 616 623 626 637 641 656 675 677 685 706 710 739 781 783 787 838 887 902 911 914 923 948 951 964 998
67 11 48 103 162 199 234 273 288 337 357 380 393 397 415 494 510 514 524 530 569 578 620 638 658 659 721 791 852 854 900 919 934 994
76 25 29 46 70 83 85 101 124 130 149 158 188 199 220 247 258 280 295 320 341 362 388 409 415 425 448 472 478 480 503 525 662 677 696 747 784 799 810 814 834 937 938 945
96 6 9 27 57 63 95 96 131 135 155 161 164 171 172 185 186 199 226 231 253 258 270 295 298 309 319 329 340 355 366 372 386 390 400 415 423 429 436 439 445 447 468 472 476 488 494 497 503 509 521 535 541 548 575 584 586 594 596 602 605 606 612 639 653 692 711 723 727 729 732 736 737 740 749 779 782 789 801 803 807 810 816 828 835 842 850 855 859 867 891 920 925 931 945 957 990 999
15 33 34 48 50 51 60 70 74 92 103 145 147 159 160 161 185 188 207 242 279 283 301 307 337 347 356 372 393 395 399 415 425 470 501 524 533 572 582 596 646 648 657 688 704 724 730 738 775 833 897 941 942 953 973 985 998
3 36 66 74 80 93 104 250 255 258 263 269 280 289 299 316 321 322 327 347 354 362 379 391 394 413 419 433 450 532 547 580 598 617 629 662 686 762 764 769 782 783 791 800 846 860 861 868 886 890 896 902 926 955 956
45 24 84 89 284 296 391 450 550 720 728 768 801 976
51 8 28 30 100 107 116 155 189 265 266 280 325 337 358 379 466 470 471 487 502 549 569 599 604 607 613 615 638 655 665 675 698 714 756 780 799 840 879 885 913 914 917 946 954
70 7 10 26 35 36 46 50 65 67 73 77 80 100 107 122 126 127 138 139 158 160 190 198 199 201 203 205 241 251 253 258 265 279 281 293 297 318 326 336 359 360 366 382 415 423 448 455 483 540 543 566 574 579 588 589 621 637 662 673 705 710 713 728 754 772 777 782 808 830 843 859 872 886 892 893 894 903 937 945 946 967 971 972 975 987 995
24 70 435 439
7 19 45 57 96 102 165 261 270 277 327 346 387 432 491 492 504 526 589 602 603 640 657 659 668 724 744 766 858 861 876 891 909 926 928 942 949 958 960 995
52 18 160 214 220 234 237 238 296 362 366 431 439 442 460 467 469 487 506 526 537 559 570 625 630 631 669 673 804 825 923 929 955 973 982
46 6 12 18 30 33 46 51 60 77 94 101 118 120 144 157 175 187 203 211 220 261 263 277 278 284 290 296 309 313 316 324 326 328 332 346 375 380 385 387 399 404 408 416 423 441 442 448 451 477 478 488 491 501 504 530 532 542 553 563 564 573 595 609 621 628 642 647 654 675 676 687 700 720 725 727 736 750 753 771 774 775 786 787 805 810 816 817 819 856 875 881 905 922 945 952 989 995 996 997
62 195 261
91 6 35 57 62 86 91 96 104 107 110 119 120 144 167 204 222 232 241 261 266 268 320 330 343 355 425 443 447 448 451 459 460 468 470 481 488 528 536 541 554 556 565 571 587 647 649 665 686 717 744 754 766 785 811 826 828 832 844 848 862 867 868 881 893 898 946 949 992
20 6 34 68 77 103 123 136 163 175 214 223 242 243 244 253 288 294 305 322 323 327 348 352 361 368 388 396 399 405 463 467 500 502 526 547 557 562 584 591 663 676 692 754 793 814 832 836 841 862 876 887 902 911 950 955 975 992 995 996
40 1 3 5 27 43 52 75 97 137 149 178 193 235 258 269 340 360 376 382 445 467 493 512 534 562 578 600 621 627 631 662 664 681 701 705 716 721 736 833 850 884 903 927 938 976 985 991
17 106 133 172 221 227 319 446 459 499 529 564 592 652 670 743 750 779 851 915
87 14 16 50 53 54 61 80 81 131 153 255 271 275 292 299 321 364 384 387 399 427 457 464 475 521 569 574 587 600 601 603 607 640 653 662 680 713 737 738 749 782 786 790 793 806 813 816 835 841 853 914 917 931 964 965 976 988
70 13 29 35 73 97 128 141 143 154 156 160 177 184 207 247 251 261 274 281 285 299 316 323 340 353 384 385 402 414 415 417 442 458 473 491 547 551 559 601 611 614 618 625 628 644 646 672 696 741 754 756 766 772 778 832 850 870 944 960 981 983 995
17 138 434 572 628 707 733 752 754 810 921 938 943
67 16 68 94 122 198 226 245 252 296 309 325 375 397 400 446 448 514 548 564 598 605 611 638 641 673 690 709 735 830 858 914 977 985 989
66 55 66 113 136 144 161 212 258 260 266 270 347 386 390 441 442 460 497 510 527 531 539 552 557 560 567 588 603 619 644 684 687 688 753 770 799 844 850 855 856 895 959 971 987
48 25 33 173 255 258 322 355 366 407 471 502 694 825 827 859 871 916 938 947
54 8 10 11 14 23 27 28 32 72 86 92 110 117 119 120 121 141 157 159 164 171 184 199 228 255 256 270 286 290 302 310 312 331 352 363 377 409 416 426 448 454 455 462 463 465 467 473 496 504 507 512 523 525 528 541 547 596 598 642 644 645 666 680 702 706 711 713 721 745 777 800 802 810 863 868 872 882 888 889 936 943 963 972 978 979
50 2 16 27 51 84 93 101 109 112 129 132 194 197 199 209 219 221 223 228 232 251 292 302 340 361 364 372 385 392 394 410 417 422 467 468 474 486 487 489 493 505 519 521 536 573 576 585 598 600 601 608 626 640 651 655 657 660 668 671 672 676 688 696 712 722 729 730 736 741 749 770 771 786 827 837 858 864 871 895 898 902 926 941 945 950 976 995
51 13 211 338 494 629 854 871
55 1 5 23 33 36 39 49 60 61 75 76 77 79 93 94 101 102 107 112 124 156 168 169 170 199 210 212 214 225 235 243 247 274 295 302 304 338 342 345 358 363 365 379 381 416 430 436 445 453 466 473 479 480 493 502 506 509 525 535 545 550 554 555 570 591 600 615 636 649 657 682 689 693 707 775 779 781 786 792 793 795 796 801 809 816 821 829 837 844 855 856 869 883 884 887 927 973 974 991
99 6 43 72 74 77 111 144 203 216 225 260 268 280 281 283 295 307 334 345 365 367 446 455 498 520 537 545 547 558 563 579 609 622 637 642 647 666 668 673 684 693 726 737 749 754 775 779 781 809 827 832 857 858 870 893 913 921 923 924 949 957 958 981 984 999
83 2 87 96 108 122 130 133 140 144 337 351 354 361 368 375 422 485 488 506 510 547 599 606 616 617 692 746 750 815 964 965 991
53 54 61 78 90 139 150 152 161 167 169 225 233 239 245 253 285 286 300 311 341 345 372 377 379 380 383 403 422 423 451 465 492 505 517 575 604 626 630 637 663 679 683 705 707 718 777 792 809 829 846 860 878 885 906 907 913 946 968 970 989
84 184 187 358 477 618 665 772
88 52 103 158 166 277 349 422 469 501 508 537 570 623 628 661 704 718 722 746 782 792 920 925 960
44 34 60 86 93 95 96 97 98 103 105 120 121 128 129 151 156 158 219 221 235 242 263 307 325 341 390 408 427 428 435 456 459 461 478 483 498 515 529 539 549 587 594 600 626 628 709 712 726 746 761 772 797 802 848 856 873 885 925 928 960
97 216 301 451 575 677 678 679 780 836
80 16 19 26 41 49 52 55 68 77 80 82 108 119 129 135 137 158 170 171 181 192 197 209 218 231 236 280 296 311 331 332 337 350 351 357 374 409 424 457 504 520 522 536 538 541 567 582 587 590 609 626 634 635 640 655 662 663 670 690 697 712 719 721 743 751 759 782 808 823 846 852 865 866 887 889 911 914 917 919 926 950 960 961 963 970 973 978 992
33 22 31 64 78 91 118 130 144 156 164 180 204 214 219 242 252 253 309 328 386 403 494 526 547 595 627 683 715 763 821 858 886 890 933 968 985
68 9 32 37 91 96 97 136 148 153 171 175 179 194 319 330 339 368 386 392 415 420 421 465 468 485 514 530 543 548 554 573 578 604 661 680 700 703 707 727 752 756 767 782 803 826 859 863 879 898 909 949 965 987
4 1 5 19 36 62 63 73 88 103 115 143 144 175 188 217 221 222 229 230 250 255 261 285 296 307 317 340 354 372 412 419 427 430 453 454 458 465 502 527 540 551 603 636 645 654 667 690 713 714 716 740 747 750 774 776 783 787 788 808 810 850 854 859 867 873 879 889 904 906 908 909 913 914 951 975 988
71 17 30 32 43 67 74 90 96 101 180 203 208 221 230 242 256 325 474 494 495 496 513 519 542 560 580 625 658 702 710 721 735 806 816 862 894 964 971 989
87 26 35 70 90 117 134 175 196 203 232 242 251 267 281 323 332 348 396 453 459 465 484 505 538 565 577 607 633 642 646 647 702 704 743 817 821 828 833 854 859 927 981 984 985
23 5 17 26 31 56 79 87 108 128 131 142 156 157 168 181 185 196 219 264 279 285 298 299 314 319 332 333 363 383 384 396 399 432 433 455 463 477 492 511 526 531 538 556 562 584 620 622 623 638 650 656 671 696 698 716 741 745 754 760 762 809 829 842 845 846 853 865 868 876 889 906 929 937 946 951 958 966 974 977
81 47 50 66 71 134 145 183 328 363 455 493 605 677 738 790 792 794 818 856 899 918 954
61 50 153 214 332 455 478 568 579 609 615 637 667 717 721 760 813 825 874 903 923 960 987
22 16 40 72 82 87 93 103 113 114 117 125 139 140 156 157 160 168 176 200 229 244 249 252 258 265 274 302 329 429 445 450 472 490 491 519 525 528 534 546 560 562 576 579 627 711 719 729 748 770 772 782 812 833 834 845 857 858 883 887 889 910 930 933 953 958
50 28 62 142 173 248 279 311 326 368 414 479 485 528 542 558 677 721 739 852 878 963
100 40 59 66 83 177 181 198 272 275 302 312 320 343 483 484 520 543 557 612 666 680 681 690 815 816 835 839 843 919 935 945 961
9 81 104 234 286 371 384 517 619 898 938 947 988
85 7 17 22 26 48 49 56 58 63 66 68 93 98 112 123 125 133 138 143 148 150 154 156 166 190 205 213 214 219 223 230 299 336 344 352 360 361 369 386 396 400 403 404 408 436 458 460 461 483 485 497 514 521 552 557 564 584 585 596 633 637 640 651 660 671 698 704 713 725 739 750 754 775 806 809 821 826 829 835 859 885 906 907 913 917 941 947 950 951 953 978 979 980 983 1000
94 35 58 59 60 66 75 161 224 234 248 262 275 337 340 352 353 381 396 457 461 516 573 591 604 641 652 653 661 662 668 722 824 835 891 956 981
91 12 53 66 78 82 84 88 135 158 214 215 226 276 294 300 330 333 357 367 374 407 417 439 500 537 541 544 597 598 659 665 679 715 769 776 778 784 791 848 878 886 900 908 915 919 959 960 973 976
86 58 100 269 378 392 402 501 517 542 546 607 639 719 723 784 785 792 878 899 957
51 23 25 28 43 61 84 95 99 119 171 176 212 253 260 274 279 317 342 345 358 365 383 400 427 437 565 578 593 606 613 637 639 697 699 766 771 772 849 870 908 961 967 983
82 3 6 12 16 17 50 62 75 110 114 132 134 146 184 197 232 235 240 250 259 286 288 289 295 304 306 368 372 389 403 422 432 453 469 476 511 525 538 546 577 619 641 649 657 736 744 809 829 835 845 910 913 943 944 958 965 966 972
94 10 14 65 74 84 90 111 112 119 127 134 142 152 153 159 172 186 199 201 218 241 242 283 289 291 304 323 324 326 347 361 362 365 371 393 395 409 482 483 508 519 524 526 529 531 574 579 583 611 640 662 677 679 680 683 686 720 753 758 777 787 790 791 806 873 881 885 896 905 911 925 935 955 957 958 960 967 971 981 984 993 998
7 7 16 44 58 73 74 76 83 104 105 108 109 118 124 133 138 151 167 188 197 221 222 225 227 233 235 253 256 258 261 271 285 305 311 314 323 326 371 373 379 381 386 391 392 402 415 427 444 452 455 462 464 473 493 500 509 552 577 587 598 609 636 640 642 648 649 651 672 678 697 705 709 734 743 750 753 768 774 789 805 825 829 837 888 894 899 904 912 916 932 942 943 971 972 979 992
75 47 51 54 73 76 93 116 129 137 156 168 183 190 191 215 234 235 287 289 293 303 305 356 367 368 376 379 380 387 393 410 417 421 422 432 437 455 470 512 523 550 552 565 583 588 608 620 625 628 658 667 669 672 677 687 688 696 716 733 743 744 748 773 775 791 793 803 812 816 842 848 873 880 887 909 913 920 929 937 954 963 975 977
45 28 69 85 130 160 203 244 287 310 313 326 330 331 334 344 353 360 375 387 413 419 429 459 506 520 531 546 548 554 563 576 577 578 643 657 662 664 703 723 760 775 779 793 807 825 879 896 912 913 924 939 942 945 949 954
59 27 43 45 59 68 70 77 135 185 194 219 223 235 240 259 310 324 330 342 350 384 387 395 424 449 450 452 455 460 463 481 504 523 524 557 558 566 580 586 593 614 620 633 643 713 727 739 744 755 787 806 818 846 861 866 882 885 904 906 912 926 942 947 949 953 968 977
91 27 32 79 92 107 112 119 159 173 216 221 237 250 283 284 293 358 377 399 409 465 493 498 508 560 583 683 685 686 711 716 741 745 777 788 801 802 808 819 827 835 853 858 873 891 940 973
27 7 36 50 94 114 167 171 189 226 237 241 254 263 290 314 327 331 332 344 346 347 408 412 416 506 513 516 529 540 566 568 572 595 600 604 619 625 650 654 672 680 682 688 710 715 729 735 768 781 790 824 865 891 915 918 946 961 969 979 985
8 67 94 127 187 191 206 220 225 230 231 251 255 262 268 286 294 317 331 335 345 356 362 367 401 424 447 487 488 511 515 535 539 561 568 573 581 582 583 587 591 596 615 620 635 652 669 688 696 705 728 747 749 772 773 781 807 810 820 825 836 848 852 862 867 870 875 885 889 943 944 956 968 970 982 987 995
10 4 100 134 148 149 186 204 242 247 278 294 307 311 327 343 418 457 479 483 491 492 523 559 560 562 580 590 592 649 651 704 736 738 754 759 795 893 915 920 966 993
50 44 49 54 78 116 118 203 205 215 225 246 252 255 288 295 305 321 334 335 361 363 378 467 501 507 517 530 552 559 573 587 598 653 676 681 691 699 707 708 717 727 792 801 803 843 846 850 891 921 945 980
22 58 79 84 94 115 135 164 174 187 188 207 214 236 245 271 315 316 322 350 356 384 387 393 400 424 428 435 438 444 472 480 498 519 548 572 577 578 586 595 606 643 669 683 685 689 703 711 725 734 735 736 741 751 769 770 784 798 806 813 821 835 847 865 869 902 929 930 938 950 956 982 989
97 13 64 86 101 127 148 207 245 265 274 279 306 324 325 342 367 372 442 456 480 566 634 643 648 675 697 720 725 732 740 782 791 836 857 871 927 937 952 991
80 41 43 51 55 73 89 111 113 144 145 173 187 194 236 242 246 250 253 262 298 309 329 414 438 463 496 504 521 562 577 628 644 664 665 676 678 680 685 718 728 736 758 768 769 785 793 795 799 816 842 852 872 876 881 903 909 912 939 966 967 979 980
62 9 14 17 19 44 68 73 95 135 173 179 202 221 223 227 232 248 254 262 272 277 279 284 289 311 320 327 335 337 338 348 349 353 363 365 417 422 442 449 452 463 467 470 486 494 496 507 523 530 542 548 552 560 561 565 591 597 602 604 613 614 616 625 626 652 658 667 685 687 697 708 747 755 771 774 781 785 798 823 830 837 876 885 899 914 931 940 961 982
8 31 75 112 114 117 118 120 144 160 197 201 218 227 237 238 285 292 318 326 331 335 346 353 392 403 426 427 442 452 463 475 477 484 494 509 511 536 581 603 612 625 627 648 660 666 685 689 718 726 734 736 738 742 757 764 767 768 772 774 780 790 843 852 855 858 864 866 870 874 921 942 987 995
2 122 322 337 348 356 367 635 736 857 992
26 15 24 29 38 71 121 220 234 263 294 347 428 593 660 759 815 984
68 18 132 208 214 222 253 265 291 303 349 469 583 588 663 673 691 703 730 759 807 830 844 861 968 972
54 25 35 81 106 133 158 210 308 311 391 445 449 459 467 503 544 584 655 795 863 911 984
88 22 113 223 269 303 363 382 408 420 422 492 506 557 561 572 600 629 689 723 742 745 811 830 842 916 974 997
64 6 48 74 118 180 184 192 221 232 234 238 243 253 272 299 328 361 362 394 400 427 431 470 479 481 503 531 574 615 634 635 654 685 725 757 760 773 775 781 826 850 871 873 888 895 900 905 991
69 2 7 10 16 32 33 43 59 68 90 104 161 163 174 180 182 238 253 256 263 273 280 287 289 299 300 330 334 342 355 359 371 376 390 392 414 421 449 460 464 504 529 532 582 598 612 618 619 629 631 644 652 653 661 686 690 698 706 722 729 744 760 768 778 784 785 788 793 801 810 815 823 839 840 865 867 923 934 954 969 976 980
69 6 42 44 46 50 59 62 85 102 121 139 145 150 157 165 173 177 218 224 231 250 258 262 290 303 318 320 332 356 365 374 375 376 387 413 419 421 432 437 447 454 459 463 491 510 525 528 546 579 590 598 604 606 607 616 620 624 631 632 644 656 667 668 695 701 708 709 732 743 752 768 802 810 827 833 847 869 879 913 930 954 976 980 991
82 48 96 116 146 195 212 216 314 326 333 348 377 414 422 440 451 472 476 521 565 605 635 639 672 675 680 681 761 765 789 799 833 845 846
67 1 4 11 99 138 140 146 211 307 346 349 469 487 510 525 576 614 622 628 682 709 712 739 747 761 779 818 829 835 920 945 966
53 5 11 20 29 31 45 47 56 57 63 71 102 106 117 146 197 199 208 225 232 241 267 314 336 359 362 368 369 383 385 388 390 402 413 465 467 475 481 492 515 538 543 549 601 607 614 631 659 667 682 699 703 724 755 798 807 811 837 854 857 885 890 903 921 931 949 961 963
41 10 64 81 83 87 117 241 261 327 345 362 365 532 577 638 719 733 736 794 800 877 912 915 931
62 24 28 184 222 253 262 426 460 543 615 699 723 750 759 793 852 875 930 941 976
38 21 29 82 94 110 121 190 192 196 207 210 213 236 243 272 285 313 335 351 359 375 488 501 532 552 584 595 596 597 599 601 637 644 673 685 697 719 732 754 785 792 796 814 819 842 843 850 860 879 896 898 907 926 938 940 948 964 967 981
50 3 14 37 44 51 60 70 108 116 145 182 187 220 252 255 348 369 383 385 412 416 418 419 435 512 530 537 538 558 572 586 590 591 603 633 636 652 686 697 713 725 752 760 763 779 785 790 828 858 861 889 890 906 914 940 959 970 984
24 7 120 124 138 161 178 184 197 310 349 361 397 444 449 459 463 468 496 498 529 595 596 614 625 636 655 682 695 709 732 753 772 775 794 813 827 841 866 876 882 894 897 910 977 999
84 26 107 204 244 247 276 321 366 368 394 536 594 607 694 723 732 746 838 885
44 3 835 880 888
48 3 8 23 28 40 46 63 74 90 92 99 101 110 122 140 141 151 153 168 179 192 205 220 237 248 258 260 269 277 279 283 301 310 318 345 358 359 362 397 413 421 448 488 495 500 502 512 529 537 540 541 578 585 588 596 620 621 641 645 672 694 705 707 719 795 802 834 841 854 882 921 935 949 959 962 966 974 993 995 998
31 76 78 117 154 178 207 246 248 269 305 321 323 388 400 401 406 433 443 445 481 535 542 561 604 605 611 661 662 675 697 706 769 812 865 888 902 903 947 962
21 30 47 119 132 204 257 285 320 382 429 522 528 581 644 654 694 727 741 748 782 802 814 817 820 827 845 957 995
46 49 98 106 114 132 141 350 393 500 511 538 762 787 811 864 880 881 928
98 54 61 77 85 89 115 140 162 213 227 235 239 264 274 329 345 346 365 395 400 427 432 468 476 485 515 555 561 570 673 688 711 782 783 794 801 826 836 886 979 980
100 28 30 67 73 80 124 145 147 153 189 191 208 225 296 297 316 317 321 325 326 328 357 359 369 389 418 443 473 478 480 496 503 508 513 520 574 577 593 594 619 635 636 644 721 738 743 754 769 773 832 852 856 857 859 867 874 887 890 898 904 931 934 973 987
84 47 134 231 291 481 491 524 598 835 887 942 956 959
93 229 249 300 379 427 431 482 548 678 703 748 761 765 789 818 881 973 985
56 91 223 264 282 376 601 613 697 716 718 749 876 971 974
33 13 50 113 114 123 155 162 176 181 215 232 273 329 336 350 364 368 384 385 407 420 442 468 475 478 486 494 496 501 522 525 534 536 560 593 594 613 620 626 630 639 653 655 662 666 688 695 711 721 744 746 748 755 800 801 817 833 860 877 940 942 951 959 978 984
38 12 39 91 134 184 256 319 342 364 530 531 551 558 596 603 651 657 753 799 825 863 875 936 961 988
70 424
94 77 134 161 506 887
13 10 21 32 48 51 67 72 109 114 123 131 132 158 238 247 279 328 348 354 384 388 397 438 451 529 541 546 547 573 615 643 647 707 712 716 727 735 750 753 761 792 798 822 824 826 838 870 884 885 895 936 949 973
20 1 16 43 48 52 56 61 86 115 121 130 136 149 159 166 168 181 200 225 236 237 239 281 282 292 308 310 312 322 324 337 340 343 344 353 360 382 400 404 418 432 433 461 468 474 492 507 509 510 514 518 533 550 563 564 580 581 591 608 613 627 635 645 654 670 673 687 722 731 760 773 779 792 793 822 838 847 855 857 858 866 867 872 879 888 909 911 917 925 930 932 946 961 977 988 994 999
63 1 13 26 38 43 53 55 81 93 142 151 155 158 164 165 228 236 261 268 333 349 371 400 402 418 419 443 444 469 502 528 529 554 563 593 601 602 606 608 659 666 670 691 693 694 709 710 725 726 729 767 788 801 811 840 861 866 871 874 885 892 934 962 963 976
88 45 86 112 164 172 195 212 274 431 495 510 515 517 544 589 596 599 635 649 651 654 694 701 702 748 780 814 877 933 943 948 987 991
89 92 308 376 401 421 438 480 609 735 803 831 845 872 914
76 9 23 36 47 48 86 89 101 104 116 161 165 178 194 196 218 219 223 243 248 264 299 318 344 346 358 370 382 407 411 412 443 464 512 516 536 552 561 591 621 635 647 661 664 704 705 746 795 805 905 906 938 945 963 968 970 972 979 986
11 34 51 56 60 75 92 98 126 137 150 155 160 166 170 177 213 214 220 225 226 238 239 243 252 254 282 293 314 326 351 354 365 377 387 388 433 441 467 483 487 495 499 500 501 517 531 546 560 574 608 619 635 674 696 717 727 729 737 761 767 775 797 799 802 803 809 831 835 873 879 885 901 915 940 952 954 984 994
25 268 499 817
23 2 10 16 27 39 46 48 67 76 180 182 188 220 222 235 258 266 271 273 280 311 332 362 378 380 382 386 398 400 410 418 446 449 453 459 460 481 482 529 536 546 548 550 555 592 616 636 660 664 680 681 683 701 720 774 787 790 792 796 805 811 813 821 828 837 841 844 852 857 862 875 878 886 893 899 936 954 981 995 998
94 2 19 29 40 41 42 44 61 63 64 74 99 122 124 126 127 152 155 164 201 225 248 263 274 276 277 280 281 323 324 329 352 374 377 381 407 409 424 451 453 475 476 481 483 484 487 499 513 517 558 572 582 589 590 606 610 611 646 653 655 657 687 688 708 727 745 750 761 764 787 798 803 807 809 813 817 836 837 854 866 872 880 901 903 919 923 929 934 972 973 995
99 4 22 36 41 54 57 71 94 100 103 104 108 122 139 164 188 189 190 215 247 253 279 300 324 329 332 333 352 356 357 376 383 384 409 428 430 440 456 465 485 491 511 517 520 533 540 541 544 550 559 576 580 592 608 610 615 620 641 643 644 645 646 652 663 667 671 692 696 697 729 734 736 738 747 752 761 765 770 787 789 799 800 816 832 834 848 855 871 925 928 929 949 970 997 1000
95 5 57 62 76 93 123 150 151 173 194 206 233 291 329 348 354 355 384 392 429 434 474 568 620 686 687 694 699 707 743 750 770 872 875 877 899 918 930 992
24 28 33 38 61 105 142 158 197 266 279 297 298 311 331 381 430 431 432 435 453 562 568 579 597 620 624 626 628 674 746 747 769 781 789 797 798 812 930 939 968 973
77 21 23 33 35 42 65 69 92 94 109 122 124 125 128 142 165 167 170 182 194 201 219 257 280 294 298 333 337 346 355 370 389 411 418 421 448 499 510 526 543 555 563 564 575 581 588 624 626 641 672 687 728 753 762 766 807 810 813 820 824 843 868 869 870 877 943 957 963 965
89 98
38 14 20 31 50 70 73 141 153 156 176 180 183 197 221 252 254 268 275 281 294 299 303 310 327 369 370 384 397 409 433 443 452 458 469 487 501 513 516 519 572 582 611 631 636 659 691 693 696 716 732 733 734 760 776 802 814 830 842 856 879 885 909 936 944 982
65 153 207 241 652 804 838
74 13 16 43 66 67 103 118 128 131 136 160 177 225 228 248 261 273 287 335 338 353 358 377 378 404 441 443 453 524 550 553 568 596 613 622 649 652 682 694 699 721 727 746 769 802 810 816 857 918 955 976 977 983 991
22 508 716
72 12 17 31 36 56 91 99 108 140 149 151 203 307 338 348 356 379 436 465 468 510 516 548 574 581 591 594 605 606 609 629 641 672 694 702 714 718 742 744 745 749 765 773 802 856 874 883 885 906 912 926 933 942 946 959
88 37 43 44 58 59 81 83 84 98 158 171 175 235 242 259 272 276 298 350 353 359 382 397 475 482 493 494 532 552 577 622 664 694 737 754 759 771 779 789 827 839 854 864 975
88 2 13 52 59 62 76 150 160 167 183 198 205 250 298 311 338 346 385 388 420 458 468 481 488 513 524 526 535 551 587 591 597 646 709 762 836 843 847 879 914 930 939 986
86 28 86 102 131 144 148 180 205 225 237 265 287 294 313 351 352 382 389 395 428 431 435 513 518 526 548 560 666 671 698 745 763 792 800 826 852 879 936 939 963 970 992
37 71 85 181 214 227 866 909 914 925
95 11 15 21 40 55 82 85 95 98 102 125 136 149 157 190 215 223 263 285 311 317 327 334 349 352 355 369 385 394 404 412 423 434 440 442 452 523 543 567 618 634 644 709 731 733 744 779 809 820 840 844 878 910 917 945 960 964 970 972 994
30 36 54 85 112 127 152 157 178 185 192 212 218 230 252 269 312 337 346 353 366 419 435 460 461 464 485 494 501 509 525 541 598 609 614 646 701 743 763 776 781 806 865 878 887 899 922 932 935 950 980 984 995
56 14 16 40 49 53 60 63 66 68 72 107 117 118 120 121 144 147 157 174 192 202 235 241 242 280 288 321 323 327 346 354 370 371 372 388 440 464 477 478 482 497 504 508 517 521 523 524 536 551 552 603 616 627 634 637 638 646 654 655 659 690 719 723 745 746 759 771 780 790 798 799 810 817 843 857 881 896 902 922 928 937 955 964 982 984
14 22 28 85 91 297 339 343 383 472 583 637 675 676 755 771 841 902 940 946
47 4 27 66 82 93 98 126 138 146 151 156 167 172 193 210 226 251 256 257 263 268 274 281 303 306 309 323 326 327 354 375 385 390 392 396 404 411 420 437 446 449 452 453 468 480 496 501 515 519 549 558 581 598 646 657 665 679 681 725 728 738 749 754 756 773 780 781 792 794 796 800 809 811 821 888 900 920 940 952
75 100 104 196 353 399 454 473 489 555 605 640 646 657 734 746 749 764 825 836 885 893 910 966 983
88 15 33 43 55 85 93 103 122 142 159 169 195 212 213 222 226 229 247 250 251 257 276 279 298 302 311 339 357 363 380 386 449 488 505 520 523 528 583 590 607 654 676 682 727 731 734 741 807 816 829 836 844 896 900 910 926 948 950 951 952 972 980
71 11 12 15 23 25 34 35 60 62 72 73 74 81 96 104 108 117 121 130 188 189 191 209 216 226 264 268 269 274 301 302 305 316 350 355 382 384 397 408 409 431 434 448 449 453 458 460 475 508 514 545 564 571 627 648 668 696 698 702 715 719 721 722 726 741 743 784 817 827 834 842 880 885 887 912 913 914 915 916 924 938 941 967 971 975 979 986 996 997 1000
85 14 96 214 315 594 717 801 825 840 990
3 23 45 90 112 122 140 141 181 210 223 354 357 392 393 404 469 589 651 655 786 829 902 933 947 998
39 5 8 16 37 72 90 97 99 157 171 174 206 208 222 238 265 273 282 303 313 332 340 372 386 392 400 408 417 421 422 429 430 437 448 468 480 488 506 520 535 540 558 569 612 624 630 665 699 704 706 725 817 840 856 882 889 910 955 960
35 22 26 86 88 93 96 159 190 196 207 221 234 256 276 292 329 341 383 423 463 487 503 520 522 578 603 622 633 638 652 687 743 747 749 758 772 774 817 821 859 889 943 966
