100 1000
65 18 26 44 68 88 89 106 133 135 193 200 212 232 239 241 251 261 332 349 370 371 376 379 390 393 395 405 412 415 419 455 459 475 489 490 500 533 569 571 582 594 598 656 658 672 704 720 733 752 769 788 794 803 826 830 839 862 888 891 897 898 903 910 916 926 957 966
16 13 84 148 170 192 216 224 266 268 384 416 442 543 574 735 757 760 764 892 962
35 14 47 52 98 106 136 174 189 208 244 381 427 453 492 495 511 583 609 653 686 708 715 722 732 754 819 821 824 850 860 866 955
95 80 130 178 217 244 249 291 405 408 477 506 575 576 595 633 637 651 763 884 921 924 941 949 971
77 1 8 16 24 30 40 50 64 73 76 92 147 149 155 160 175 177 202 229 256 265 289 293 297 313 338 359 381 393 399 410 413 430 434 440 441 459 468 470 496 514 516 517 529 535 546 547 555 565 574 580 595 615 623 635 645 646 661 675 681 686 691 695 710 719 725 743 744 746 802 809 837 842 857 887 914 931 971 984 992
98 1 8 20 32 41 113 117 147 156 170 178 181 187 202 210 216 219 232 249 254 269 275 325 327 328 341 363 367 388 400 424 431 442 462 493 496 498 500 521 524 525 552 563 567 571 573 579 581 583 585 631 693 700 722 723 741 754 757 788 791 820 840 852 853 855 882 885 889 891 903 924 927 929 930 948 969 977 982
96 22 26 118 139 200 216 250 257 290 323 332 334 357 402 409 414 425 429 478 548 629 634 655 673 687 740 787 793 797 822 844 862 865 891 986
69 52 57 68 73 98 116 126 137 157 165 200 229 230 261 270 278 279 282 287 290 293 301 329 335 351 355 357 377 404 455 466 492 495 496 498 520 540 557 570 581 592 593 607 609 647 650 714 725 764 770 772 775 784 808 852 866 871 879 882 943 945 949 975 985
64 12 27 48 55 81 98 112 128 135 137 157 166 200 203 213 228 236 265 284 294 304 316 320 328 338 339 349 356 357 366 385 398 401 417 431 466 472 477 480 484 495 506 535 537 547 591 618 631 643 644 670 681 704 727 732 733 737 739 742 751 753 756 761 816 821 825 831 849 865 875 892 895 896 899 900 908 912 921 936 965 981 993
80 3 9 25 26 27 40 41 45 77 85 95 96 140 141 184 213 216 223 233 253 266 277 300 301 303 309 329 330 345 359 365 400 417 418 419 420 439 448 462 469 473 510 515 525 544 594 598 613 624 641 659 679 689 711 723 732 733 736 738 763 775 796 811 827 836 849 868 871 889 918 921 922 928 929 951 985
61 20 34 35 41 66 101 114 151 162 163 165 177 185 190 203 207 208 210 214 228 234 237 247 257 289 304 309 333 346 348 393 395 414 436 467 488 489 495 501 532 591 616 625 652 669 673 679 686 702 710 712 722 728 735 751 753 772 796 804 805 817 820 842 844 849 855 858 861 865 878 891 893 909 921 946 948 955 968 986 994 998
84 8 44 49 54 57 74 103 111 120 123 147 150 151 163 174 180 182 184 198 227 271 280 281 283 288 293 341 346 354 358 361 362 386 397 399 436 450 465 502 505 545 550 565 568 573 578 592 596 602 612 619 629 653 681 688 734 746 768 778 781 804 814 822 829 843 900 941 944 951 963 965 995
49 9 10 22 24 37 55 93 104 109 114 119 124 131 142 154 175 191 195 199 207 281 293 300 331 333 334 358 405 437 480 548 556 606 621 622 639 646 674 691 696 701 723 775 784 811 816 831 842 846 857 881 905 928 932 934 955
85 32 40 52 60 64 75 78 91 95 97 103 111 129 165 178 182 188 189 194 206 212 236 271 285 292 294 316 364 392 394 416 439 453 455 460 472 487 500 523 527 532 541 551 565 580 583 618 629 641 660 664 703 725 726 735 747 770 777 787 796 797 799 800 834 835 856 879 908 914 916 918 940 962 979 983
95 17 25 44 48 90 100 108 112 123 156 161 216 220 238 288 290 292 317 318 346 349 354 359 362 384 388 438 439 442 444 475 528 556 574 585 622 670 697 718 725 737 775 806 808 819 820 861 867 889 897 988
34 1 25 48 58 62 63 68 69 70 79 88 104 115 117 120 125 135 138 146 149 152 169 178 181 202 209 214 217 227 236 237 244 251 278 288 312 314 325 341 372 396 413 440 465 477 485 486 494 505 508 513 536 537 555 570 581 583 598 603 604 617 632 642 655 665 675 683 691 697 700 702 708 714 717 731 741 755 757 780 803 831 865 892 894 898 905 908 910 913 934 967 978 992 998
84 1 22 53 54 95 99 104 112 117 133 140 156 160 165 174 199 202 211 215 217 231 232 233 245 246 271 288 289 305 309 318 324 326 342 356 371 375 377 387 438 442 457 458 461 470 494 518 521 551 562 564 571 589 604 613 621 632 653 684 694 698 729 756 771 772 780 786 822 835 847 866 890 891 896 899 907 914 938 958 959 979 986 989
16 8 30 53 57 63 70 71 75 80 95 103 109 113 121 123 147 149 153 166 167 174 180 182 188 191 208 216 245 275 296 322 329 335 347 382 384 392 396 411 454 491 499 513 580 582 596 615 623 628 629 646 675 677 678 690 707 722 731 733 738 747 751 752 757 762 766 772 808 816 818 821 824 840 855 868 873 883 895 900 901 921 923 936 950 963 966 973 981 993
22 2 6 20 26 41 66 85 95 135 136 148 150 162 204 227 229 243 263 266 267 273 274 276 278 285 286 298 301 303 321 324 335 337 340 341 376 377 395 406 415 416 417 424 439 448 451 471 489 495 505 508 516 520 538 561 577 578 585 636 638 675 685 687 695 705 706 711 725 727 728 739 746 753 769 799 805 809 820 821 830 831 850 874 892 897 901 908 928 931 938 943 956 981 987 993
23 30 52 700 782 791 842 902 936
34 26 34 135 160 167 246 277 279 340 492 525 526 530 544 557 650 707 866
67 61 69 95 138 142 204 257 258 288 290 332 415 449 497 507 552 570 612 621 637 639 660 683 687 694 702 716 780 790 817 823 855 903 977 994
98 24 46 71 82 98 101 107 124 136 144 164 165 169 173 177 178 180 202 207 231 247 274 279 291 305 306 314 329 340 356 382 399 406 436 446 535 567 579 605 625 682 692 702 704 711 727 729 735 746 747 772 779 808 819 837 862 866 867 882 888 898 913 928 950 966 975 998
22 5 154 169 223 253 274 288 331 556 562 665 681 709 723 829 878 908 914 967 999
86 52 54 62 91 139 143 189 209 212 225 282 313 331 342 375 398 408 420 590 595 603 651 655 671 684 710 720 732 739 755 757 761 804 815 837 869 931
16 7 36 44 47 51 71 86 88 114 118 127 129 131 132 133 144 159 198 199 224 257 268 273 281 292 306 308 310 318 322 359 372 378 381 403 415 431 432 437 458 469 471 474 487 497 509 534 544 547 556 561 567 574 580 595 605 616 625 648 662 675 697 707 712 713 715 716 722 740 741 752 756 778 782 794 796 797 805 838 840 844 845 869 875 879 894 899 905 942 949 951 963 967 975 985 992 993
36 25 35 68 124 128 132 140 152 179 180 218 293 296 297 300 322 327 364 405 407 411 476 491 499 527 541 544 626 644 662 732 748 768 772 789 812 821 830 843 880 889 921 934 963
61 171 192 206 254 374 504 604 607 812
90 12 26 29 31 53 60 75 85 108 156 163 166 174 180 188 203 207 219 220 222 274 281 282 304 311 325 331 350 356 358 362 363 374 378 379 386 393 405 407 427 434 505 545 599 612 638 639 643 658 663 678 687 694 701 705 710 734 736 769 793 805 819 852 870 873 894 896 898 909 921 933 935 954 973
56 5 7 18 72 79 120 125 129 178 191 205 210 235 246 260 274 317 328 341 347 349 377 420 438 450 496 542 558 585 587 594 596 609 616 636 720 742 745 785 852 857 887 990
38 3 9 64 80 87 106 112 132 135 142 148 154 157 159 185 197 208 217 218 259 264 266 267 271 282 310 317 319 323 331 332 340 348 350 388 402 405 411 425 429 433 440 451 455 486 491 495 501 507 514 523 546 557 565 571 588 609 613 614 626 640 652 701 707 712 714 721 730 734 743 746 753 761 776 786 787 788 806 815 818 827 833 844 854 860 872 880 886 887 913 951 953 972 976
42 13 25 52 63 66 96 151 165 170 185 198 267 287 300 389 392 405 416 434 435 462 477 495 517 578 579 605 607 631 648 660 675 789 800 819 898 956 985
92 6 25 44 66 93 116 117 123 132 180 201 203 208 238 243 246 255 266 273 278 306 346 369 380 432 441 444 454 477 486 488 501 515 526 555 592 629 632 644 646 680 685 688 706 711 743 745 798 803 809 815 846 862 881 882 886 907 909 924 941 947 970 982 984 986
90 11 26 51 68 75 76 84 96 101 110 156 170 172 178 186 189 196 212 247 251 252 257 273 293 346 385 387 420 512 529 540 623 641 649 650 662 701 761 772 793 817 819 837 843 881 903 928 931 953 955 965
22 24 53 54 62 71 97 129 151 200 202 240 269 321 329 337 374 388 392 413 418 478 492 508 526 543 580 596 615 698 700 702 703 721 767 788 802 823 833 879 898 902 906 928 981 992 998
96 11 36 46 68 80 86 108 113 144 152 213 215 221 229 258 269 272 328 357 359 363 387 388 392 398 404 408 416 423 438 442 445 459 462 482 492 499 507 517 529 532 534 535 546 581 600 602 604 613 651 668 673 696 713 714 722 728 734 752 760 814 839 848 862 876 879 892 901 904 922 936 968 971 973 992 999
46 13 43 51 65 68 76 114 119 132 140 146 150 157 189 210 245 260 272 287 293 297 323 328 331 333 335 340 343 352 355 368 369 372 396 397 427 429 436 446 464 467 473 474 477 484 503 515 517 538 544 561 566 575 581 590 614 616 625 631 633 637 638 656 658 666 673 674 685 704 726 733 735 739 749 761 781 793 798 811 827 829 844 847 852 857 864 884 900 905 909 911 914 944 948
95 3 4 99 112 143 219 299 349 371 388 402 433 489 506 529 580 616 655 675 676 683 684 771 779 865 877 916 968 993
41 19 50 58 65 66 103 186 204 238 243 255 261 274 288 296 310 326 401 407 418 431 472 515 516 540 577 591 601 606 613 614 706 778 821 826 833 843 885 889 897 911 925 952
94 236 306 350 474 482 601 768 856
27 20 36 41 57 64 65 66 67 76 87 94 135 137 184 189 241 263 276 313 314 346 353 380 401 420 435 440 454 458 469 472 489 520 531 535 585 591 613 622 654 666 672 717 721 722 723 729 743 745 747 774 793 817 844 849 853 878 888 910 911 950 989
39 7 36 51 53 56 96 97 106 129 134 140 155 202 205 222 228 257 265 280 282 304 326 330 338 361 367 382 394 395 399 422 423 428 446 447 449 477 510 572 604 628 631 633 636 640 647 655 657 658 659 661 707 708 710 711 731 751 755 758 759 760 771 786 811 812 833 835 838 842 847 890 920 923 952 957 958 966 983 986 989
34 18 19 26 28 57 68 69 72 79 83 98 116 127 136 162 177 179 215 218 222 223 228 230 256 260 271 280 284 287 296 298 305 312 321 324 337 351 356 367 370 373 374 378 382 383 421 431 432 441 449 488 494 508 522 570 571 598 601 628 651 652 654 668 684 693 696 701 710 728 731 740 744 761 774 776 784 793 837 847 848 851 879 885 894 898 912 914 915 923 930 932 943 983 985 988 994 996
95 8 26 38 63 64 80 94 98 103 138 141 175 190 191 204 269 282 283 286 290 345 364 410 416 441 456 461 470 477 503 523 524 525 531 567 624 629 662 680 691 726 735 781 787 791 793 824 834 875 879 923 925 949 972 985
56 2 3 260 270 308 370 388 422 520 639 673 693 717 729 785 812 848 897 937
40 4 10 21 32 44 46 55 64 74 102 103 111 115 123 135 162 164 189 192 193 213 216 223 224 231 243 253 268 270 280 291 320 343 348 352 355 365 386 389 405 410 411 425 432 435 441 452 460 467 498 528 547 548 591 592 594 627 651 687 688 710 731 737 746 755 756 769 774 775 777 793 805 808 817 826 829 841 842 861 864 871 885 889 890 897 909 919 942 951 953 974 988 991
16 127 145 164 232 284 351 486 579 626 798 872 978
48 3 16 30 33 42 43 70 96 101 104 110 114 131 140 194 207 241 249 265 277 288 290 295 318 343 351 357 371 397 407 408 446 463 464 465 474 476 487 490 498 523 538 570 575 578 603 641 657 693 694 701 704 708 722 723 733 754 772 776 777 784 812 825 836 864 867 873 936 940 942 944 958 973 978
23 87 195 213 259 265 349 384 403 542 578 611 632 724 765 781 823 867 875 878 883 928 929 990
2 8 24 30 63 146 188 215 231 262 271 282 328 332 396 411 441 480 610 612 708 709 721 731 738 757 796 807 817 822 849 923 925 957 986 996
52 3 32 167 241 416 425 434 476 556 590 684 692 694 766 824 834 867 982 991 992
58 15 22 72 77 99 102 110 123 137 148 163 168 170 190 220 224 226 234 245 247 253 258 268 294 314 342 343 350 353 355 375 391 400 404 434 488 496 540 546 566 595 596 605 606 607 616 641 668 678 679 714 721 723 737 756 780 787 813 838 844 868 902 920 929 959 985 999
25 9 12 31 34 44 45 56 100 107 116 119 125 130 145 146 150 156 161 164 173 193 218 242 246 247 276 284 303 309 322 333 335 348 359 363 364 371 376 381 388 399 413 442 457 459 505 524 528 534 536 537 541 556 558 567 575 586 597 609 618 632 648 650 666 673 675 691 707 710 721 725 735 738 743 745 747 751 752 758 794 802 834 852 866 874 906 912 937 939 944 948 953 964 975 992 993 1000
60 69 78 140 150 196 204 211 281 300 314 356 397 405 419 462 468 507 551 608 631 691 743 775 807 808 839 840 851 861 878 907 914 918 951 969 981 984 985
60 9 21 26 30 47 65 74 102 104 113 116 121 139 146 150 185 195 198 218 233 242 250 260 265 266 296 325 361 414 415 433 447 456 466 473 495 516 526 536 546 573 580 589 593 596 605 606 607 614 620 628 637 640 641 652 658 707 708 731 738 748 789 792 796 800 811 823 885 893 896 927 945 953 956 966 997
48 19 32 89 115 119 122 133 140 155 160 257 270 271 304 307 353 369 385 390 404 493 529 535 551 570 624 666 682 687 706 713 730 775 797 811 842 849 861 869 901 927 966
39 13 19 26 40 41 46 53 55 59 76 83 86 93 96 103 104 110 117 122 123 124 134 146 161 166 179 196 197 203 227 250 269 272 274 318 339 348 356 364 391 400 407 413 432 433 445 455 462 464 466 467 474 488 500 515 598 612 642 649 692 699 718 759 779 784 796 800 806 819 820 843 846 847 866 913 941 943 954 965 993
16 78 656
82 49 60 63 100 131 164 190 337 357 625 895
94 36 78 242 283 359 380 454 486 581 646 715 717 808 932 976 990
41 14 41 95 101 127 143 156 174 178 196 210 265 280 311 313 352 367 402 423 427 458 527 577 596 613 643 666 709 712 737 774 785 805 807 849 881 884 886 892 893 900 913 927 947 991 992
59 19 29 35 43 73 81 90 101 162 176 178 181 188 197 205 232 237 243 257 262 281 286 308 309 312 320 325 335 338 368 425 430 431 434 450 454 461 464 467 470 473 491 504 514 517 523 544 569 573 589 605 611 631 635 662 693 700 701 702 710 713 764 792 795 799 803 807 817 823 858 865 895 936 943 954 971 973 990 994
100 360 400 800 968
64 113 234 239 318 319 338 343 385 424 449 539 767 780 841 881 946 962 976 987 1000
86 12 44 45 78 79 82 83 96 109 139 155 163 167 176 184 194 197 198 200 217 227 238 243 245 246 281 296 298 319 322 326 330 358 363 398 403 405 427 429 435 438 447 448 456 488 505 522 528 540 546 550 551 553 561 568 588 599 615 632 634 638 644 647 649 652 672 680 691 708 712 747 762 768 779 785 803 820 833 846 854 857 883 885 890 895 913 914 929 931 956 959 968 975 976 980 989 994 998
13 75 212 304 320 349 423 446 513 761 769 873 906
50 28 37 39 50 108 173 213 288 304 319 336 367 481 556 563 628 682 685 705 744 746 791 794 815 836 974 997
55 21 143 241 311 342 376 494 611 718 788 795
86 7 23 78 119 191 195 235 239 262 284 285 323 329 331 365 381 384 385 411 502 539 546 559 563 584 586 592 600 643 678 708 725 741 745 755 830 847 873 874 876 878 888 893 912 933 935 948 967 981
65 11 13 32 57 76 77 78 109 121 122 132 136 165 169 179 181 228 248 263 274 294 295 306 320 339 352 362 382 383 386 396 398 429 430 431 462 469 470 471 517 530 533 535 538 556 560 588 593 613 633 647 648 673 683 686 712 719 771 801 803 816 817 851 862 876 910 917 919 954 968 978 989
49 33 36 44 49 60 68 72 77 82 99 131 134 135 144 150 160 173 216 218 224 251 255 264 267 268 271 274 296 299 314 318 339 347 366 369 374 389 396 428 433 441 469 517 531 555 559 560 561 565 572 587 622 628 652 654 663 676 703 711 714 717 719 724 732 748 771 773 787 797 815 828 881 887 891 896 905 910 912 918 926 943 950 964 974 985
61 22 47 121 149 166 192 196 207 285 320 327 353 354 368 369 385 395 417 424 488 518 535 543 598 658 680 686 712 728 729 745 747 759 818 833 848 875 890 920 940 954 962 996
52 28 59 64 78 104 105 158 195 206 215 222 235 274 283 294 300 380 450 487 490 504 537 625 652 728 749 777 798 831 870 885 898 900 933 964
83 91 116 127 196 216 223 231 338 363 429 584 587 618 636 743 749 796 818 850 873 941 952 983
12 18 63 129 169 212 215 261 288 311 331 339 347 357 365 407 459 463 504 524 548 565 599 612 677 687 734 748 749 778 792 808 815 838 839 869 893 903 957 989 1000
94 23 29 35 68 82 93 95 99 108 132 149 157 162 225 226 233 234 238 280 284 379 388 400 441 446 449 456 457 492 500 506 525 527 530 531 533 538 547 550 588 603 606 634 646 672 691 709 717 727 751 775 781 811 813 828 830 832 851 869 912 927 945 952 961
11 24 52 55 76 86 93 102 105 130 133 136 140 147 158 176 190 317 370 381 385 417 434 456 458 508 521 549 554 566 570 580 629 652 672 692 696 741 743 754 775 803 805 829 834 843 849 851 879 897 900
48 38 51 96 136 191 208 256 257 315 330 339 346 348 351 375 378 424 426 483 486 498 515 529 556 565 592 621 629 676 719 750 755 801 823 849 867 886 894 915 941 958
26 37 51 83 160 168 246 266 298 303 319 368 382 420 461 509 536 546 600 729 760 775 787 805 810 820 895 944 949 976
13 10 34 42 46 83 94 101 105 117 142 143 151 164 206 210 216 223 311 318 329 336 341 354 357 365 412 423 426 446 452 462 468 476 477 490 523 528 557 587 596 601 618 635 647 652 698 717 751 768 795 813 859 880 900 907 928 956 984 996
91 16 32 36 46 49 52 56 61 69 83 85 90 106 136 160 162 167 213 224 237 252 257 294 295 302 314 317 318 321 325 351 352 353 377 383 391 396 432 442 518 519 521 526 539 542 558 567 570 625 635 636 638 664 666 689 694 696 713 721 727 733 742 748 757 765 792 793 800 837 860 892 904 905 918 935 939 957 985 990
50 2 16 34 47 51 97 103 115 130 185 196 219 244 271 276 279 294 303 305 313 321 371 378 391 402 413 415 430 443 463 479 496 503 506 516 520 535 542 543 556 566 583 615 662 668 677 704 710 742 753 764 767 770 786 805 809 812 818 835 845 879 896 940 944 946 960 967 970 981 984 992
81 25 44 60 65 100 103 124 132 146 150 152 164 184 209 210 216 251 275 294 300 320 332 335 343 375 376 384 385 412 457 464 499 511 512 513 569 594 600 611 615 617 630 679 714 717 718 735 742 773 782 797 818 825 835 836 842 855 858 861 868 871 880 910 912 914 916 937 961 985 994 998
46 4 7 32 57 96 108 143 169 177 183 222 236 240 254 271 311 314 353 365 367 385 387 403 405 408 451 469 473 518 529 543 556 566 581 594 625 642 659 679 684 691 716 717 730 731 751 755 756 761 771 789 804 820 842 873 881 892 917 934 957 983 987 996
32 18 29 38 44 49 59 60 61 71 74 84 88 90 97 111 116 133 147 150 171 196 220 238 239 249 253 290 292 297 321 335 341 344 364 365 379 393 426 432 435 440 468 478 496 511 513 531 545 559 571 594 606 614 638 647 655 664 692 700 710 713 718 739 743 774 785 790 803 812 841 865 876 879 896 918 923 926 928 933 942 944 945 965 968 976 996
69 8 12 33 39 41 42 78 89 97 100 102 103 114 117 127 131 133 183 195 206 223 231 288 305 317 318 325 351 357 369 374 386 468 478 498 515 529 545 547 585 594 598 600 644 715 746 749 752 756 760 770 782 821 824 835 851 863 872 878 894 913 934 943 947 956 967 971 979 984 990 994
88 2 11 20 31 50 75 87 88 102 112 114 123 130 137 146 152 157 169 174 193 206 234 241 245 249 252 270 283 291 293 294 298 305 310 314 316 318 337 345 347 361 364 381 392 398 428 438 451 454 461 472 487 488 492 502 523 532 537 539 545 557 574 586 609 618 620 627 639 644 653 664 695 699 700 725 745 752 754 796 806 808 810 837 857 858 864 887 894 898 907 920 924 938 940 942 958 969 975 1000
57 1 18 21 25 43 44 72 78 80 85 87 90 95 99 105 111 120 123 145 151 166 173 176 186 191 194 218 227 251 265 268 283 300 318 324 337 338 354 364 365 374 377 392 407 408 422 444 446 448 454 478 479 497 503 519 520 529 533 540 554 589 598 632 643 687 689 706 725 738 745 753 757 765 774 799 821 832 834 835 840 853 869 880 887 890 904 906 910 917 923 927 929 939 953 967 979
47 5 19 21 39 71 75 85 90 93 95 99 104 116 120 123 127 175 202 207 210 221 232 233 234 277 286 287 292 295 300 312 317 328 335 340 348 354 388 404 418 422 460 542 543 558 604 611 657 669 707 734 749 759 798 820 826 832 834 898 953 960 966 976
39 79 129 250 264 270 284 307 325 331 347 395 486 593 622 626 767 769 826 835 930 936 975 990 992 1000
5 24 55 197 202 207 214 215 222 286 345 367 459 531 556 560 644 690 729 893 939 975 980 985
48 28 37 38 68 85 115 125 148 158 214 223 254 263 270 277 279 309 335 337 344 345 357 390 391 393 425 426 442 453 456 462 464 472 474 515 546 551 555 564 583 584 588 604 607 614 616 666 686 706 746 763 783 812 830 845 864 874 885 886 914 924 931 933 937 943 957 975 986 996 999 1000
66 354 560 679 877
14 1 18 32 42 47 52 131 153 163 181 194 212 221 228 229 255 265 290 316 331 362 394 417 490 502 512 537 581 628 637 677 685 744 761 765 767 777 790 807 811 819 845 900 916 935 980
75 2 17 73 80 86 98 100 113 126 130 133 137 140 144 149 151 152 157 158 162 177 178 179 191 202 208 226 232 245 278 280 281 284 291 299 309 312 314 331 338 339 348 363 385 391 445 452 462 482 501 527 532 543 555 559 571 572 590 591 592 620 642 643 650 667 698 699 701 737 765 785 809 818 830 845 863 889 891 893 916 922 946 971 986
41 38 41 78 79 81 85 97 102 103 132 148 156 158 166 171 231 241 262 311 321 335 359 396 406 424 446 449 460 481 496 500 535 536 563 569 592 596 615 667 677 689 699 725 759 777 780 803 832 860 881 882 883 884 931 942 951 965 985
12 55 65 70 83 84 146 156 159 160 178 190 198 205 250 258 261 269 316 322 350 357 368 369 381 401 404 407 417 449 485 512 532 537 539 543 550 591 613 621 632 641 655 658 679 686 702 712 728 733 749 803 806 807 810 814 816 835 853 867 873 919 931 932 934 954 964 965 968 973 993 995
98 18 29 37 55 79 90 113 117 122 132 140 145 148 150 153 154 155 158 250 261 265 267 268 280 284 302 336 351 355 366 382 387 391 398 408 416 417 446 453 454 473 486 489 499 503 504 520 523 533 539 542 545 554 574 584 601 611 622 624 646 654 656 661 671 672 682 700 704 714 720 732 751 754 782 784 785 795 832 833 834 846 852 853 858 889 891 893 901 903 908 914 928 963 999
39 13 117 272 275 335 426 625 645 732 925
76 55 123 417 515 805 847 851
